10
3
3 2 1
0 100 100
100 0 100
100 100 0
4
10 1 4
0 452 995 613 
452 0 302 173 
995 302 0 309 
613 173 309 0 
4
9 6 2
0 351 912 720 
351 0 251 107 
912 251 0 941 
720 107 941 0 
7
1 9 9
0 604 571 668 261 511 546 
604 0 435 979 223 356 602 
571 435 0 842 482 759 109 
668 979 842 0 972 306 438 
261 223 482 972 0 988 468 
511 356 759 306 988 0 601 
546 602 109 438 468 601 0 
7
6 6 4
0 766 956 661 962 422 999 
766 0 203 784 105 890 887 
956 203 0 157 409 329 460 
661 784 157 0 928 733 707 
962 105 409 928 0 315 817 
422 890 329 733 315 0 467 
999 887 460 707 817 467 0 
8
2 7 9
0 225 720 714 677 945 883 552 
225 0 524 951 497 815 608 794 
720 524 0 791 769 191 230 491 
714 951 791 0 585 422 918 151 
677 497 769 585 0 308 729 594 
945 815 191 422 308 0 413 626 
883 608 230 918 729 413 0 826 
552 794 491 151 594 626 826 0 
8
8 6 3
0 248 181 947 391 188 259 729 
248 0 692 428 302 339 861 706 
181 692 0 949 486 678 468 532 
947 428 949 0 332 898 134 295 
391 302 486 332 0 205 107 975 
188 339 678 898 205 0 884 725 
259 861 468 134 107 884 0 345 
729 706 532 295 975 725 345 0 
9
3 1 10
0 809 866 594 849 817 149 420 549 
809 0 952 621 523 648 703 879 190 
866 952 0 131 232 154 667 973 678 
594 621 131 0 453 387 836 720 587 
849 523 232 453 0 166 327 729 467 
817 648 154 387 166 0 974 787 514 
149 703 667 836 327 974 0 110 374 
420 879 973 720 729 787 110 0 764 
549 190 678 587 467 514 374 764 0 
9
10 1 7
0 986 987 418 394 138 582 763 563 
986 0 708 290 499 208 840 634 835 
987 708 0 985 496 531 901 508 834 
418 290 985 0 186 903 152 964 319 
394 499 496 186 0 784 467 547 144 
138 208 531 903 784 0 995 387 270 
582 840 901 152 467 995 0 440 960 
763 634 508 964 547 387 440 0 837 
563 835 834 319 144 270 960 837 0 
9
2 3 5
0 270 176 894 998 806 258 731 248 
270 0 205 325 287 758 195 852 846 
176 205 0 200 660 235 492 978 365 
894 325 200 0 447 332 794 956 195 
998 287 660 447 0 370 377 348 543 
806 758 235 332 370 0 109 448 826 
258 195 492 794 377 109 0 993 642 
731 852 978 956 348 448 993 0 242 
248 846 365 195 543 826 642 242 0 