10
10
0 17 1164 15724 6402 24464 5325 16827 491 2957
17 0 609 14604 153 118 1295 177 5385 11538
1164 609 0 1222 632 9894 23811 30333 4664 7711
15724 14604 1222 0 6868 2097 95 12859 1018 778
6402 153 632 6868 0 3035 1842 154 8942 3384
24464 118 9894 2097 3035 0 23805 6729 15350 1089
5325 1295 23811 95 1842 23805 0 3548 12623 19954
16827 177 30333 12859 154 6729 3548 0 11840 2410
491 5385 4664 1018 8942 15350 12623 11840 0 12377
2957 11538 7711 778 3384 1089 19954 2410 12377 0
20
0 15495 11323 4927 2082 16541 2117 1824 9930 2306 22386 3640 19072 5829 15573 1221 13290 314 2412 15574
15495 0 3990 1150 4783 3430 30191 11337 12287 10383 8909 9758 18588 5680 13030 12755 191 1655 6359 20537
11323 3990 0 6483 4041 2738 10254 1646 1041 23199 4816 4734 38 1520 3788 467 3709 22483 2421 6617
4927 1150 6483 0 9514 7616 17451 5249 15037 7505 4784 3389 2724 1315 1971 1587 9503 2856 6618 19796
2082 4783 4041 9514 0 483 1209 27157 3150 12292 27 11467 6191 3073 11511 2634 20055 2318 4886 9558
16541 3430 2738 7616 483 0 20142 1416 10117 8329 5699 20 24389 562 2510 5866 14688 9789 1168 581
2117 30191 10254 17451 1209 20142 0 10285 4338 23757 1436 2154 17189 11353 276 10555 2813 2071 18060 3753
1824 11337 1646 5249 27157 1416 10285 0 12423 9717 12529 17437 12949 35 634 16105 16282 824 11701 20671
9930 12287 1041 15037 3150 10117 4338 12423 0 691 2790 20053 776 793 1878 19558 4336 296 20222 2161
2306 10383 23199 7505 12292 8329 23757 9717 691 0 3845 10466 9615 147 2771 3356 1669 8313 1178 1010
22386 8909 4816 4784 27 5699 1436 12529 2790 3845 0 9905 7391 3625 4414 7196 25874 20159 4404 5836
3640 9758 4734 3389 11467 20 2154 17437 20053 10466 9905 0 659 14497 905 13985 2276 7627 4099 2625
19072 18588 38 2724 6191 24389 17189 12949 776 9615 7391 659 0 381 7926 1120 27432 10088 13031 142
5829 5680 1520 1315 3073 562 11353 35 793 147 3625 14497 381 0 14064 7900 8360 8561 630 48
15573 13030 3788 1971 11511 2510 276 634 1878 2771 4414 905 7926 14064 0 6049 4667 5265 114 64
1221 12755 467 1587 2634 5866 10555 16105 19558 3356 7196 13985 1120 7900 6049 0 2125 21694 3644 5095
13290 191 3709 9503 20055 14688 2813 16282 4336 1669 25874 2276 27432 8360 4667 2125 0 3881 1633 978
314 1655 22483 2856 2318 9789 2071 824 296 8313 20159 7627 10088 8561 5265 21694 3881 0 2033 1287
2412 6359 2421 6618 4886 1168 18060 11701 20222 1178 4404 4099 13031 630 114 3644 1633 2033 0 1926
15574 20537 6617 19796 9558 581 3753 20671 2161 1010 5836 2625 142 48 64 5095 978 1287 1926 0
30
0 4757 20315 1499 10715 5109 1322 3487 14474 2002 3783 3097 1158 119 2050 1940 676 1914 206 1760 6314 367 14924 21763 1091 13829 17713 17578 4642 1200
4757 0 6439 1245 2324 5108 14887 3049 7968 1398 6540 28704 6686 5062 14485 2660 1227 4831 23271 5492 126 10112 5979 871 24129 4565 2373 7559 4909 1062
20315 6439 0 3664 14369 2963 2483 703 2714 3588 2135 6511 20175 17825 1765 1040 1373 17398 422 541 342 1993 5353 3586 300 2228 5000 11462 3266 12254
1499 1245 3664 0 923 12673 9313 822 610 694 2583 10662 6448 19090 2589 15145 19314 8089 11258 49 7605 12181 3829 20608 5997 12007 6066 3673 5111 1361
10715 2324 14369 923 0 6077 8683 7566 5601 15759 2398 4084 8711 9472 4986 503 1442 2363 4151 18240 1214 5675 6704 9232 455 1539 211 11247 64 38
5109 5108 2963 12673 6077 0 11075 7167 1132 1110 5466 15944 1350 2263 27870 9121 3340 25087 1193 17103 3527 3769 5565 11 2088 865 4054 4681 226 444
1322 14887 2483 9313 8683 11075 0 1758 20888 690 4894 4190 139 2639 14191 7038 5923 4524 3359 24766 123 9408 21025 10646 9496 9515 5378 1763 15054 3124
3487 3049 703 822 7566 7167 1758 0 14606 24429 6705 9186 10718 16036 14405 5994 6652 6902 1355 1131 17841 2011 4186 1650 4648 10353 13452 7262 5454 331
14474 7968 2714 610 5601 1132 20888 14606 0 14256 24 4213 24028 21080 16858 105 15264 3676 26909 3561 24948 833 2220 1521 214 869 3611 6032 9781 12392
2002 1398 3588 694 15759 1110 690 24429 14256 0 25313 5589 5938 6410 6234 9961 2534 1029 3932 26 12293 1098 7815 3039 29288 1954 4625 290 4675 6541
3783 6540 2135 2583 2398 5466 4894 6705 24 25313 0 1679 8788 788 18132 28689 10008 2849 687 12 7200 1885 1071 201 14295 20825 5953 2598 1384 1964
3097 28704 6511 10662 4084 15944 4190 9186 4213 5589 1679 0 2133 1528 7864 8405 6816 5178 421 19964 326 5641 6064 20415 11971 6817 31762 27531 2656 5602
1158 6686 20175 6448 8711 1350 139 10718 24028 5938 8788 2133 0 24307 1012 5494 2695 3136 9003 29152 49 248 6221 4459 7958 4982 1052 7479 8185 10866
119 5062 17825 19090 9472 2263 2639 16036 21080 6410 788 1528 24307 0 14839 21196 4247 12022 56 3925 8164 4399 3242 14600 6243 2096 540 4575 805 18397
2050 14485 1765 2589 4986 27870 14191 14405 16858 6234 18132 7864 1012 14839 0 19897 13851 24230 3578 229 10940 15147 1655 792 9393 6748 804 19569 1749 9440
1940 2660 1040 15145 503 9121 7038 5994 105 9961 28689 8405 5494 21196 19897 0 475 4913 12570 414 9405 2202 4920 243 14333 10910 16336 1278 7636 28164
676 1227 1373 19314 1442 3340 5923 6652 15264 2534 10008 6816 2695 4247 13851 475 0 19949 2505 10004 2623 9970 4960 7085 69 8194 4074 7572 2142 18819
1914 4831 17398 8089 2363 25087 4524 6902 3676 1029 2849 5178 3136 12022 24230 4913 19949 0 549 879 5565 3780 15234 994 9166 16074 3282 9573 13161 17968
206 23271 422 11258 4151 1193 3359 1355 26909 3932 687 421 9003 56 3578 12570 2505 549 0 26031 19426 10422 8779 23552 299 5764 490 13353 474 5905
1760 5492 541 49 18240 17103 24766 1131 3561 26 12 19964 29152 3925 229 414 10004 879 26031 0 25547 9789 4590 7950 754 1012 95 5912 5967 4415
6314 126 342 7605 1214 3527 123 17841 24948 12293 7200 326 49 8164 10940 9405 2623 5565 19426 25547 0 51 2916 3466 958 3026 2368 6325 6745 418
367 10112 1993 12181 5675 3769 9408 2011 833 1098 1885 5641 248 4399 15147 2202 9970 3780 10422 9789 51 0 1574 7939 2376 26948 5259 14776 3451 23856
14924 5979 5353 3829 6704 5565 21025 4186 2220 7815 1071 6064 6221 3242 1655 4920 4960 15234 8779 4590 2916 1574 0 8925 2162 15969 7534 6991 21991 7783
21763 871 3586 20608 9232 11 10646 1650 1521 3039 201 20415 4459 14600 792 243 7085 994 23552 7950 3466 7939 8925 0 7727 15871 6915 11027 5545 7185
1091 24129 300 5997 455 2088 9496 4648 214 29288 14295 11971 7958 6243 9393 14333 69 9166 299 754 958 2376 2162 7727 0 24237 21313 8850 2111 4499
13829 4565 2228 12007 1539 865 9515 10353 869 1954 20825 6817 4982 2096 6748 10910 8194 16074 5764 1012 3026 26948 15969 15871 24237 0 1454 681 20267 2080
17713 2373 5000 6066 211 4054 5378 13452 3611 4625 5953 31762 1052 540 804 16336 4074 3282 490 95 2368 5259 7534 6915 21313 1454 0 6838 1858 3541
17578 7559 11462 3673 11247 4681 1763 7262 6032 290 2598 27531 7479 4575 19569 1278 7572 9573 13353 5912 6325 14776 6991 11027 8850 681 6838 0 3523 702
4642 4909 3266 5111 64 226 15054 5454 9781 4675 1384 2656 8185 805 1749 7636 2142 13161 474 5967 6745 3451 21991 5545 2111 20267 1858 3523 0 1381
1200 1062 12254 1361 38 444 3124 331 12392 6541 1964 5602 10866 18397 9440 28164 18819 17968 5905 4415 418 23856 7783 7185 4499 2080 3541 702 1381 0
40
0 8823 1312 16595 2327 7226 11058 1561 798 2258 2647 21286 384 2656 5841 3503 9998 1881 4236 18598 2661 6693 20278 19435 250 1386 527 12718 2708 11407 1735 11599 10055 7328 11369 21794 2644 5785 7208 233
8823 0 4406 4826 35 10836 805 4159 27200 9990 4919 4798 6682 127 50 5538 6193 25011 234 217 1819 18805 13392 339 5401 9277 45 437 3624 6582 11159 6071 110 9072 6248 10208 5549 1867 12074 12611
1312 4406 0 9742 1834 16683 6216 2741 1859 1810 5155 2599 4680 8636 3810 3517 8670 84 3523 12105 17095 2620 10178 11479 12750 9722 2995 574 20899 3781 1236 5071 7514 5055 5973 6748 5335 1438 26517 658
16595 4826 9742 0 4043 7443 6255 724 26857 5412 55 2765 16955 8394 16097 2545 1722 8500 14140 4281 170 13489 6149 533 17282 425 7471 4882 17641 2187 6479 217 19447 9646 3483 233 8486 2028 4860 11777
2327 35 1834 4043 0 12503 709 12455 7909 7069 8985 24455 11177 9135 1774 24998 9253 3713 957 5079 198 5752 1901 14199 5508 4857 23245 2382 1103 744 1916 17465 2529 2112 4381 2149 8805 30032 1342 15431
7226 10836 16683 7443 12503 0 1635 9372 2206 18166 3113 23694 14788 17984 5040 4015 3684 8738 12097 24390 11785 4713 8290 15813 6085 82 612 5057 14507 387 26431 1663 4693 337 17604 406 5718 5000 193 21388
11058 805 6216 6255 709 1635 0 5934 3181 3491 10761 8217 7981 15665 598 4011 3171 1961 3234 3343 4487 14868 13713 3251 12079 17040 12933 20663 2135 2095 11874 3675 8976 5725 382 9156 1026 2535 6812 21962
1561 4159 2741 724 12455 9372 5934 0 1836 9608 10080 1396 4319 806 4299 8880 11072 707 20666 2883 4687 19396 1009 18136 7307 742 9 9248 1350 9714 13290 2754 2881 1428 2220 24791 8681 1449 7996 7042
798 27200 1859 26857 7909 2206 3181 1836 0 20083 4394 12244 7229 18864 1856 6042 765 3276 6540 953 24710 17945 28470 3406 4978 5006 6873 3709 2088 6844 14790 18965 8104 953 465 1457 3545 621 6006 1191
2258 9990 1810 5412 7069 18166 3491 9608 20083 0 8236 14723 7604 24227 1298 592 22363 3565 6024 495 15022 29151 8055 1952 4603 1398 2131 1338 114 23154 4623 20078 10257 1773 20594 18846 4510 8616 3239 21963
2647 4919 5155 55 8985 3113 10761 10080 4394 8236 0 14697 21630 1908 24474 27372 3855 2827 27606 7075 14119 3468 12779 6004 10169 24118 5291 20577 3354 2239 5841 3432 308 5907 6890 633 9565 1627 6684 3591
21286 4798 2599 2765 24455 23694 8217 1396 12244 14723 14697 0 3598 3239 3053 10681 1102 18479 1054 13998 2556 27621 15826 8116 12581 8978 1023 24834 7349 601 4639 8346 8746 11400 8874 8935 19410 11382 929 13874
384 6682 4680 16955 11177 14788 7981 4319 7229 7604 21630 3598 0 2081 22566 6038 7811 9467 26867 10542 8484 29617 6825 13977 21051 786 7051 949 6900 7975 7531 8044 26803 1975 4869 703 10133 1567 18300 12078
2656 127 8636 8394 9135 17984 15665 806 18864 24227 1908 3239 2081 0 2257 893 10103 2983 2827 18990 21641 19047 250 394 18990 5566 3629 5738 4381 1505 20178 3063 1847 1407 1253 10746 5324 7431 4317 11069
5841 50 3810 16097 1774 5040 598 4299 1856 1298 24474 3053 22566 2257 0 3529 522 3730 1868 1069 2298 9221 11261 764 2660 7103 25679 13043 2044 826 7172 191 5651 15477 2260 5220 7733 5381 16857 1662
3503 5538 3517 2545 24998 4015 4011 8880 6042 592 27372 10681 6038 893 3529 0 9360 350 9273 12686 3917 1892 11267 65 6932 16081 1088 5603 8563 542 6407 838 18490 26177 25236 1266 10793 23893 20274 2796
9998 6193 8670 1722 9253 3684 3171 11072 765 22363 3855 1102 7811 10103 522 9360 0 17461 3082 20997 18423 7827 2143 4883 22659 2141 114 16840 1497 1967 8421 131 3271 2277 12475 10 341 205 3748 11622
1881 25011 84 8500 3713 8738 1961 707 3276 3565 2827 18479 9467 2983 3730 350 17461 0 3760 12935 9652 18493 19161 2792 5198 79 16371 5752 1675 29065 223 623 9762 18792 12933 17103 2381 10974 7498 413
4236 234 3523 14140 957 12097 3234 20666 6540 6024 27606 1054 26867 2827 1868 9273 3082 3760 0 10 8633 101 25449 24599 1443 844 4434 5197 577 13162 30308 18684 22667 2325 2951 16090 2035 975 7195 98
18598 217 12105 4281 5079 24390 3343 2883 953 495 7075 13998 10542 18990 1069 12686 20997 12935 10 0 9858 17889 40 1728 26 2503 26412 5730 10719 1345 3458 3709 2305 18686 1871 25502 6585 3565 832 14428
2661 1819 17095 170 198 11785 4487 4687 24710 15022 14119 2556 8484 21641 2298 3917 18423 9652 8633 9858 0 951 4405 21265 5045 5821 2520 11846 2117 13336 4667 1099 1616 1071 10935 17282 468 4712 4998 7162
6693 18805 2620 13489 5752 4713 14868 19396 17945 29151 3468 27621 29617 19047 9221 1892 7827 18493 101 17889 951 0 107 8508 8157 24115 688 2645 229 14272 262 13773 1318 3542 19203 6125 1401 226 567 17939
20278 13392 10178 6149 1901 8290 13713 1009 28470 8055 12779 15826 6825 250 11261 11267 2143 19161 25449 40 4405 107 0 18721 10663 1451 5809 7961 16002 6647 76 9507 7291 819 490 17668 119 23041 7482 423
19435 339 11479 533 14199 15813 3251 18136 3406 1952 6004 8116 13977 394 764 65 4883 2792 24599 1728 21265 8508 18721 0 1785 510 12536 12802 152 3869 619 1344 10324 5859 15038 6862 5084 2969 6316 23024
250 5401 12750 17282 5508 6085 12079 7307 4978 4603 10169 12581 21051 18990 2660 6932 22659 5198 1443 26 5045 8157 10663 1785 0 8912 6353 3873 3107 6 1057 76 25190 17998 9932 14803 21376 5415 12927 1082
1386 9277 9722 425 4857 82 17040 742 5006 1398 24118 8978 786 5566 7103 16081 2141 79 844 2503 5821 24115 1451 510 8912 0 2736 410 3499 1244 2556 4632 5336 7239 25020 2554 1477 13642 16321 13946
527 45 2995 7471 23245 612 12933 9 6873 2131 5291 1023 7051 3629 25679 1088 114 16371 4434 26412 2520 688 5809 12536 6353 2736 0 4397 17708 6533 14804 10142 17260 9459 892 113 4591 2613 241 3399
12718 437 574 4882 2382 5057 20663 9248 3709 1338 20577 24834 949 5738 13043 5603 16840 5752 5197 5730 11846 2645 7961 12802 3873 410 4397 0 4292 13370 5507 1570 1199 10469 1790 13399 6205 1379 7274 7373
2708 3624 20899 17641 1103 14507 2135 1350 2088 114 3354 7349 6900 4381 2044 8563 1497 1675 577 10719 2117 229 16002 152 3107 3499 17708 4292 0 2587 6253 121 5158 17107 2451 10439 13519 3935 9505 20383
11407 6582 3781 2187 744 387 2095 9714 6844 23154 2239 601 7975 1505 826 542 1967 29065 13162 1345 13336 14272 6647 3869 6 1244 6533 13370 2587 0 7147 18038 1111 9483 11514 6706 409 11869 7470 20666
1735 11159 1236 6479 1916 26431 11874 13290 14790 4623 5841 4639 7531 20178 7172 6407 8421 223 30308 3458 4667 262 76 619 1057 2556 14804 5507 6253 7147 0 7283 1233 2386 206 4629 9 12356 12064 2080
11599 6071 5071 217 17465 1663 3675 2754 18965 20078 3432 8346 8044 3063 191 838 131 623 18684 3709 1099 13773 9507 1344 76 4632 10142 1570 121 18038 7283 0 4094 25631 1053 21098 16320 10954 7747 398
10055 110 7514 19447 2529 4693 8976 2881 8104 10257 308 8746 26803 1847 5651 18490 3271 9762 22667 2305 1616 1318 7291 10324 25190 5336 17260 1199 5158 1111 1233 4094 0 15463 4687 1044 4326 25314 491 610
7328 9072 5055 9646 2112 337 5725 1428 953 1773 5907 11400 1975 1407 15477 26177 2277 18792 2325 18686 1071 3542 819 5859 17998 7239 9459 10469 17107 9483 2386 25631 15463 0 12621 1226 14693 23775 12212 7551
11369 6248 5973 3483 4381 17604 382 2220 465 20594 6890 8874 4869 1253 2260 25236 12475 12933 2951 1871 10935 19203 490 15038 9932 25020 892 1790 2451 11514 206 1053 4687 12621 0 6379 6934 361 8272 3710
21794 10208 6748 233 2149 406 9156 24791 1457 18846 633 8935 703 10746 5220 1266 10 17103 16090 25502 17282 6125 17668 6862 14803 2554 113 13399 10439 6706 4629 21098 1044 1226 6379 0 25563 12946 20308 1430
2644 5549 5335 8486 8805 5718 1026 8681 3545 4510 9565 19410 10133 5324 7733 10793 341 2381 2035 6585 468 1401 119 5084 21376 1477 4591 6205 13519 409 9 16320 4326 14693 6934 25563 0 1341 272 1981
5785 1867 1438 2028 30032 5000 2535 1449 621 8616 1627 11382 1567 7431 5381 23893 205 10974 975 3565 4712 226 23041 2969 5415 13642 2613 1379 3935 11869 12356 10954 25314 23775 361 12946 1341 0 1293 1299
7208 12074 26517 4860 1342 193 6812 7996 6006 3239 6684 929 18300 4317 16857 20274 3748 7498 7195 832 4998 567 7482 6316 12927 16321 241 7274 9505 7470 12064 7747 491 12212 8272 20308 272 1293 0 299
233 12611 658 11777 15431 21388 21962 7042 1191 21963 3591 13874 12078 11069 1662 2796 11622 413 98 14428 7162 17939 423 23024 1082 13946 3399 7373 20383 20666 2080 398 610 7551 3710 1430 1981 1299 299 0
50
0 4069 27330 17369 8400 9938 1378 1441 4059 3341 13973 11503 6816 888 1477 1467 15567 1866 2110 3429 6238 2047 4592 5346 53 6238 22530 10645 13377 5588 4489 10113 1446 8201 5927 13510 1237 2496 11458 3763 29849 9418 12294 2225 141 10428 1123 22688 12033 2270
4069 0 6932 2208 4198 6878 1897 6538 1845 5255 4101 11048 647 18135 2593 3850 6485 11094 5174 1073 2695 1675 20237 613 21710 5628 5550 18840 4023 2913 2378 12527 13194 6008 4891 6278 2792 14381 2963 808 22511 4235 1109 1862 12450 2340 4958 6558 3154 5495
27330 6932 0 3802 1475 2927 2182 11754 12253 1563 5743 10114 3561 7452 5256 8934 7986 14248 1063 10312 3266 23987 8093 1060 5450 7301 10806 19044 75 19050 14066 8063 13843 293 7918 1363 6329 566 7753 666 4540 3402 177 1149 875 4795 802 368 13993 3786
17369 2208 3802 0 1600 2428 8965 2746 8538 23684 2667 833 7615 2058 13885 185 16256 10872 5937 10635 14611 7137 1425 3995 7603 18011 7397 10081 381 10258 5906 4061 5475 26484 3421 13224 3582 8627 11146 16589 18237 18759 222 2403 6300 5225 452 5599 21006 3273
8400 4198 1475 1600 0 698 488 22312 18457 8339 11008 3505 12911 7175 489 990 454 41 12472 17241 1005 4688 1105 8013 7993 22187 1879 8084 4860 4907 27692 5117 4969 2121 7733 24028 10748 92 10654 730 7475 826 3904 7333 16405 860 1267 2019 18166 2978
9938 6878 2927 2428 698 0 3187 176 831 29897 926 7104 1480 16296 10720 6674 1969 590 10459 3865 1113 3787 685 4651 1129 21683 26584 3586 26248 2397 272 8121 10382 27669 338 852 39 3821 446 1990 3591 3595 1382 1545 5149 16833 4673 6463 5625 12245
1378 1897 2182 8965 488 3187 0 765 9165 6421 4157 4982 5884 906 10189 8033 6923 3078 1351 2815 3263 11229 24743 3504 4949 2809 9227 8580 23917 555 4184 11698 3453 10758 3795 17132 207 11162 12529 2820 5553 10670 5397 630 9250 163 2844 5180 394 3620
1441 6538 11754 2746 22312 176 765 0 11544 154 954 12021 14108 12628 4968 1280 11883 10426 1239 4047 9446 1278 16769 13247 15945 2551 16497 5190 5341 7886 18675 4234 8227 22482 15000 289 25215 7294 539 716 304 2248 5794 2999 12983 778 5033 15264 11857 1710
4059 1845 12253 8538 18457 831 9165 11544 0 9740 1322 11684 202 28583 19692 4447 13810 3195 637 18677 1812 19533 2286 2734 15349 26984 27792 2806 2693 449 4076 26053 11822 1587 4006 2473 1731 6599 1898 762 592 8996 24828 2004 939 30037 1261 4740 24146 3097
3341 5255 1563 23684 8339 29897 6421 154 9740 0 9611 1728 15492 1676 23061 1971 1714 12184 5932 9090 7915 3523 1344 22037 477 1736 1089 6915 10285 17118 10006 4550 225 11980 398 13363 7608 4496 3795 519 4 21766 2670 10506 5080 8266 5107 12674 11036 2862
13973 4101 5743 2667 11008 926 4157 954 1322 9611 0 10996 1539 1707 3544 7940 3426 11811 2036 693 8046 4785 5676 1029 6038 10144 11619 12443 18061 645 9290 979 21419 22284 5430 2938 13371 16339 941 4533 3229 1185 5607 4202 1238 5033 1965 9023 44 10382
11503 11048 10114 833 3505 7104 4982 12021 11684 1728 10996 0 256 15319 5513 2592 23283 854 172 1742 11 2419 6595 24541 15377 565 138 7657 13787 18222 11002 212 19368 8872 19974 5137 3241 783 22974 846 7612 1649 7808 15296 1275 813 1604 2726 6259 20217
6816 647 3561 7615 12911 1480 5884 14108 202 15492 1539 256 0 1943 2440 1157 7666 4221 12157 2145 1146 8326 21184 10701 3536 270 4795 1530 1196 3210 5692 740 57 8315 9289 2464 2534 3882 1936 10790 7565 4050 3037 5610 632 5193 16754 1116 5638 17420
888 18135 7452 2058 7175 16296 906 12628 28583 1676 1707 15319 1943 0 3848 831 10390 20189 2344 8312 3926 10600 6893 2151 645 7094 1922 105 2264 3565 10698 11633 15257 4464 8510 119 4785 1648 8042 8730 10270 32200 750 24696 7611 415 3595 4386 13079 26321
1477 2593 5256 13885 489 10720 10189 4968 19692 23061 3544 5513 2440 3848 0 1229 13509 71 304 7997 1899 1320 16984 1915 19485 10199 4208 2793 4879 17207 4670 226 20124 17774 2824 3145 11714 4019 6969 23504 592 15955 2343 5964 366 6078 930 9652 12488 6884
1467 3850 8934 185 990 6674 8033 1280 4447 1971 7940 2592 1157 831 1229 0 6104 15415 4231 2495 20514 7719 4448 15447 3650 9561 3158 20990 8672 983 322 24898 10945 2222 5794 12844 2864 485 15259 16653 962 1466 3080 3318 142 10230 10684 224 8250 6836
15567 6485 7986 16256 454 1969 6923 11883 13810 1714 3426 23283 7666 10390 13509 6104 0 19195 544 20183 3094 6784 12187 13881 16859 5145 6488 17683 5927 4540 39 3205 9149 599 217 6030 4293 20373 1633 786 6642 75 16085 15222 11148 794 2085 521 3462 1052
1866 11094 14248 10872 41 590 3078 10426 3195 12184 11811 854 4221 20189 71 15415 19195 0 17236 273 4198 26386 10976 4574 7245 1756 2572 113 9734 11080 1497 6550 25867 1675 6227 8015 2504 431 623 4512 3566 14186 2324 5738 200 1432 94 18012 3338 3819
2110 5174 1063 5937 12472 10459 1351 1239 637 5932 2036 172 12157 2344 304 4231 544 17236 0 29249 3079 3899 8421 5991 180 16565 19473 21970 3906 6508 4429 27689 11771 5177 4941 910 18170 22199 575 12936 3128 10313 2279 17073 2173 1300 5830 6153 20595 808
3429 1073 10312 10635 17241 3865 2815 4047 18677 9090 693 1742 2145 8312 7997 2495 20183 273 29249 0 904 23305 2337 4852 12640 1667 21465 15444 164 4012 8596 407 14753 2819 13357 7809 2226 259 2435 1017 1933 347 3340 8053 13316 463 5722 1086 8174 2183
6238 2695 3266 14611 1005 1113 3263 9446 1812 7915 8046 11 1146 3926 1899 20514 3094 4198 3079 904 0 17295 16983 4579 1980 5890 15505 22858 739 8559 3544 3332 17182 11320 6358 1120 1432 19714 24390 5405 5141 2647 2880 1974 4720 4854 1225 510 1509 3220
2047 1675 23987 7137 4688 3787 11229 1278 19533 3523 4785 2419 8326 10600 1320 7719 6784 26386 3899 23305 17295 0 1209 24147 978 751 15270 12589 7976 4090 9183 625 3142 6016 11827 1549 1827 2454 7615 3644 1925 542 7952 7445 5243 7288 1872 3915 3544 9616
4592 20237 8093 1425 1105 685 24743 16769 2286 1344 5676 6595 21184 6893 16984 4448 12187 10976 8421 2337 16983 1209 0 12129 1984 2177 18026 1620 5416 14552 12755 10 1673 4703 121 15680 15793 12060 9074 2576 13208 11026 26291 10929 3761 8 922 15137 13803 7912
5346 613 1060 3995 8013 4651 3504 13247 2734 22037 1029 24541 10701 2151 1915 15447 13881 4574 5991 4852 4579 24147 12129 0 4964 7299 10580 6369 12729 2704 5226 11671 1376 9503 141 9104 13179 9 10961 6576 7173 1420 332 1913 1229 1236 16158 24620 19724 11406
53 21710 5450 7603 7993 1129 4949 15945 15349 477 6038 15377 3536 645 19485 3650 16859 7245 180 12640 1980 978 1984 4964 0 8983 3014 4897 20664 2773 2942 13619 773 10231 4977 13590 7328 3949 16909 12779 10083 152 8787 4886 15290 12390 22139 6352 21778 18456
6238 5628 7301 18011 22187 21683 2809 2551 26984 1736 10144 565 270 7094 10199 9561 5145 1756 16565 1667 5890 751 2177 7299 8983 0 7296 16125 4698 5564 6064 13246 19593 3005 15333 5377 15638 1064 8399 2412 13438 22638 4059 744 24769 4420 10558 23061 9190 1226
22530 5550 10806 7397 1879 26584 9227 16497 27792 1089 11619 138 4795 1922 4208 3158 6488 2572 19473 21465 15505 15270 18026 10580 3014 7296 0 2592 10468 45 4566 21665 5848 237 10668 31579 17728 12158 23267 734 197 1570 4602 1711 622 7545 6987 8217 5377 1921
10645 18840 19044 10081 8084 3586 8580 5190 2806 6915 12443 7657 1530 105 2793 20990 17683 113 21970 15444 22858 12589 1620 6369 4897 16125 2592 0 2244 9388 11886 10809 2681 11562 13020 700 21984 1786 18829 3607 10365 2041 9498 30119 6296 864 4229 153 6562 1278
13377 4023 75 381 4860 26248 23917 5341 2693 10285 18061 13787 1196 2264 4879 8672 5927 9734 3906 164 739 7976 5416 12729 20664 4698 10468 2244 0 11134 2034 3559 375 8061 1227 2885 2718 5268 64 6367 16735 2792 2686 6287 1522 4067 412 15271 17780 2652
5588 2913 19050 10258 4907 2397 555 7886 449 17118 645 18222 3210 3565 17207 983 4540 11080 6508 4012 8559 4090 14552 2704 2773 5564 45 9388 11134 0 17686 1043 7317 6573 9282 42 381 17157 2104 11593 13937 2810 2062 10987 1180 5584 2576 11849 8606 887
4489 2378 14066 5906 27692 272 4184 18675 4076 10006 9290 11002 5692 10698 4670 322 39 1497 4429 8596 3544 9183 12755 5226 2942 6064 4566 11886 2034 17686 0 22769 1588 12083 958 1332 1457 15758 9023 19298 5470 1021 1573 2946 8275 829 11856 1654 6900 615
10113 12527 8063 4061 5117 8121 11698 4234 26053 4550 979 212 740 11633 226 24898 3205 6550 27689 407 3332 625 10 11671 13619 13246 21665 10809 3559 1043 22769 0 11496 13232 7061 9958 27085 5284 4968 2426 14536 403 1348 8045 3573 8351 27617 4406 25529 11044
1446 13194 13843 5475 4969 10382 3453 8227 11822 225 21419 19368 57 15257 20124 10945 9149 25867 11771 14753 17182 3142 1673 1376 773 19593 5848 2681 375 7317 1588 11496 0 16467 7528 12634 2760 581 2318 1487 9299 4099 13245 201 4811 5957 18895 6170 5751 360
8201 6008 293 26484 2121 27669 10758 22482 1587 11980 22284 8872 8315 4464 17774 2222 599 1675 5177 2819 11320 6016 4703 9503 10231 3005 237 11562 8061 6573 12083 13232 16467 0 8449 18255 4198 10030 10765 2980 694 6008 6667 15928 13509 130 1492 4064 20084 17911
5927 4891 7918 3421 7733 338 3795 15000 4006 398 5430 19974 9289 8510 2824 5794 217 6227 4941 13357 6358 11827 121 141 4977 15333 10668 13020 1227 9282 958 7061 7528 8449 0 9868 6538 930 1804 15865 23947 4767 511 11110 10666 12670 3925 5874 7043 5536
13510 6278 1363 13224 24028 852 17132 289 2473 13363 2938 5137 2464 119 3145 12844 6030 8015 910 7809 1120 1549 15680 9104 13590 5377 31579 700 2885 42 1332 9958 12634 18255 9868 0 6490 2076 2061 3815 9408 1943 6876 437 11300 15864 2695 104 6937 950
1237 2792 6329 3582 10748 39 207 25215 1731 7608 13371 3241 2534 4785 11714 2864 4293 2504 18170 2226 1432 1827 15793 13179 7328 15638 17728 21984 2718 381 1457 27085 2760 4198 6538 6490 0 10075 6490 14819 7216 1333 164 3718 792 7690 553 6955 8847 3128
2496 14381 566 8627 92 3821 11162 7294 6599 4496 16339 783 3882 1648 4019 485 20373 431 22199 259 19714 2454 12060 9 3949 1064 12158 1786 5268 17157 15758 5284 581 10030 930 2076 10075 0 1527 8490 28054 2124 12618 2020 2282 26439 192 269 21033 3592
11458 2963 7753 11146 10654 446 12529 539 1898 3795 941 22974 1936 8042 6969 15259 1633 623 575 2435 24390 7615 9074 10961 16909 8399 23267 18829 64 2104 9023 4968 2318 10765 1804 2061 6490 1527 0 866 1554 4961 15907 1405 7955 2782 6491 14615 13143 3008
3763 808 666 16589 730 1990 2820 716 762 519 4533 846 10790 8730 23504 16653 786 4512 12936 1017 5405 3644 2576 6576 12779 2412 734 3607 6367 11593 19298 2426 1487 2980 15865 3815 14819 8490 866 0 14935 6195 1705 16952 1828 429 17699 7998 5041 8383
29849 22511 4540 18237 7475 3591 5553 304 592 4 3229 7612 7565 10270 592 962 6642 3566 3128 1933 5141 1925 13208 7173 10083 13438 197 10365 16735 13937 5470 14536 9299 694 23947 9408 7216 28054 1554 14935 0 3984 14077 5202 4202 22249 1401 368 4103 17205
9418 4235 3402 18759 826 3595 10670 2248 8996 21766 1185 1649 4050 32200 15955 1466 75 14186 10313 347 2647 542 11026 1420 152 22638 1570 2041 2792 2810 1021 403 4099 6008 4767 1943 1333 2124 4961 6195 3984 0 3123 1041 2530 2402 498 612 296 18775
12294 1109 177 222 3904 1382 5397 5794 24828 2670 5607 7808 3037 750 2343 3080 16085 2324 2279 3340 2880 7952 26291 332 8787 4059 4602 9498 2686 2062 1573 1348 13245 6667 511 6876 164 12618 15907 1705 14077 3123 0 6430 5828 6890 2452 9782 7255 11960
2225 1862 1149 2403 7333 1545 630 2999 2004 10506 4202 15296 5610 24696 5964 3318 15222 5738 17073 8053 1974 7445 10929 1913 4886 744 1711 30119 6287 10987 2946 8045 201 15928 11110 437 3718 2020 1405 16952 5202 1041 6430 0 9923 14659 5943 3237 10279 3198
141 12450 875 6300 16405 5149 9250 12983 939 5080 1238 1275 632 7611 366 142 11148 200 2173 13316 4720 5243 3761 1229 15290 24769 622 6296 1522 1180 8275 3573 4811 13509 10666 11300 792 2282 7955 1828 4202 2530 5828 9923 0 2919 1813 1727 7271 12344
10428 2340 4795 5225 860 16833 163 778 30037 8266 5033 813 5193 415 6078 10230 794 1432 1300 463 4854 7288 8 1236 12390 4420 7545 864 4067 5584 829 8351 5957 130 12670 15864 7690 26439 2782 429 22249 2402 6890 14659 2919 0 3306 12353 6339 533
1123 4958 802 452 1267 4673 2844 5033 1261 5107 1965 1604 16754 3595 930 10684 2085 94 5830 5722 1225 1872 922 16158 22139 10558 6987 4229 412 2576 11856 27617 18895 1492 3925 2695 553 192 6491 17699 1401 498 2452 5943 1813 3306 0 6190 1490 2413
22688 6558 368 5599 2019 6463 5180 15264 4740 12674 9023 2726 1116 4386 9652 224 521 18012 6153 1086 510 3915 15137 24620 6352 23061 8217 153 15271 11849 1654 4406 6170 4064 5874 104 6955 269 14615 7998 368 612 9782 3237 1727 12353 6190 0 14078 133
12033 3154 13993 21006 18166 5625 394 11857 24146 11036 44 6259 5638 13079 12488 8250 3462 3338 20595 8174 1509 3544 13803 19724 21778 9190 5377 6562 17780 8606 6900 25529 5751 20084 7043 6937 8847 21033 13143 5041 4103 296 7255 10279 7271 6339 1490 14078 0 377
2270 5495 3786 3273 2978 12245 3620 1710 3097 2862 10382 20217 17420 26321 6884 6836 1052 3819 808 2183 3220 9616 7912 11406 18456 1226 1921 1278 2652 887 615 11044 360 17911 5536 950 3128 3592 3008 8383 17205 18775 11960 3198 12344 533 2413 133 377 0
60
0 6048 18494 12729 16038 28672 15862 1983 10337 259 5389 21419 2140 13632 2337 5161 2349 482 3001 3693 25645 1810 25970 3596 8514 2411 19552 471 11830 1733 756 83 26758 2295 12108 6832 25812 6341 2565 6611 4815 255 28050 18268 30884 20335 11645 3481 27550 1044 10958 2923 64 8256 10048 1807 8491 5622 1203 19679
6048 0 344 2274 1693 12725 7982 581 13963 7534 2851 9727 20067 20840 1302 1661 1203 16139 22237 24848 7048 2656 13175 1309 5215 5722 934 132 10466 14740 26429 13629 9843 6093 12920 5136 7582 254 1225 4179 5987 397 5498 8752 1463 20 1089 5033 15665 1352 16966 868 22828 14144 9449 12003 3240 15610 526 17187
18494 344 0 372 384 8067 3558 6358 7178 17457 649 8834 10393 6747 671 1333 8411 4982 6881 203 3373 5694 1199 10955 20323 188 4010 14932 1314 1954 4189 5680 138 2101 8607 2750 14812 4663 682 6014 2732 18938 21228 6332 499 4205 108 4089 24727 22353 26542 4582 1879 16748 22815 11073 4749 111 7970 8768
12729 2274 372 0 13178 2669 4891 731 747 5089 20238 6810 408 18147 2505 28819 12205 788 2523 7492 1416 403 532 10167 6902 5793 5900 6831 8437 11299 2295 6612 11957 3988 2829 13361 880 3891 11554 18102 2641 9081 9428 711 15369 297 7162 29 4998 4951 28945 699 1398 2973 5319 2028 5722 8785 19184 5582
16038 1693 384 13178 0 10915 11681 13759 4546 6427 9421 2530 2258 16461 1612 8183 13502 3928 7953 3586 3316 3497 1922 9265 3596 12746 1868 2815 201 773 3080 23990 1259 2634 2649 1675 2702 1086 3240 28638 5475 1792 1943 7481 2251 19984 1657 24399 14386 2650 5799 3092 9499 2046 25331 1688 1627 13479 1453 2575
28672 12725 8067 2669 10915 0 3505 5526 9993 9695 7254 19670 2045 73 4122 2981 4599 13192 19124 11 12722 13818 1692 4451 6596 11149 4549 1278 4561 3769 139 6340 686 8148 9951 6644 337 13009 217 4943 15454 98 24999 23930 300 8884 20031 9783 9631 4967 568 579 1686 4141 8477 13249 2607 12517 716 1265
15862 7982 3558 4891 11681 3505 0 12891 1538 6172 10991 10716 4957 2466 559 7598 9316 8978 6146 11486 439 2542 1453 15827 550 1122 3528 10350 841 12312 1955 7768 17683 3360 13245 1871 4248 1375 3954 13940 1331 14377 11472 3885 18720 14702 10606 1372 2385 1699 1890 6239 6754 2792 982 3426 2829 923 15689 14947
1983 581 6358 731 13759 5526 12891 0 9282 12180 19072 16051 11755 3303 495 4969 11237 15676 13469 21197 2125 4092 27560 5919 630 562 7682 6390 27446 14568 4361 3398 6089 4604 8361 598 4929 296 2964 11014 930 7148 356 9850 8723 3255 12303 1785 9228 13454 6430 13991 11114 12567 12823 8707 10773 26862 1893 10539
10337 13963 7178 747 4546 9993 1538 9282 0 4256 1353 9487 1220 11989 13403 21462 2928 14063 14611 692 22270 1416 20576 2486 28603 130 338 47 1376 2152 284 2720 385 16544 20012 5433 24401 952 5805 233 3671 1097 4881 10282 38 3227 3155 6305 3432 705 4299 4075 3833 22488 26673 25358 567 3949 12452 6808
259 7534 17457 5089 6427 9695 6172 12180 4256 0 5938 7233 2083 19459 523 20526 1366 3585 6446 1453 3936 5392 2579 5885 6925 12324 9175 1778 3737 5779 3244 1577 5175 24696 14471 16713 16030 5497 4769 4546 31103 391 638 17950 7435 7 10165 525 2516 4515 24243 2497 11091 6689 7007 15121 2658 18275 587 1532
5389 2851 649 20238 9421 7254 10991 19072 1353 5938 0 129 1649 23263 8514 2447 24988 332 1270 8655 4985 4172 4749 641 3092 17554 11602 1915 4232 528 25679 20199 1 10016 15098 1730 3892 444 10485 5517 2858 129 6860 4489 1378 7473 333 2295 16534 22322 8202 10404 5388 2169 5608 14274 99 3055 6672 4860
21419 9727 8834 6810 2530 19670 10716 16051 9487 7233 129 0 14726 20523 5386 1997 7523 10678 9438 7406 958 4521 9964 433 22710 13763 8188 17264 3751 10594 732 9524 11484 2539 426 2574 6066 5754 850 1098 6602 5690 4848 14135 556 16710 11981 326 10106 4229 1119 10518 1258 100 217 762 2177 1231 2333 2331
2140 20067 10393 408 2258 2045 4957 11755 1220 2083 1649 14726 0 639 4623 13257 57 3340 7978 5876 1535 13613 71 6332 1814 216 6834 1460 10141 4241 8389 4562 1746 11011 38 13345 9850 18664 13002 14903 1519 17953 9006 21129 1813 21228 12518 175 1234 5384 7169 3737 5030 12533 2021 17752 5446 13004 4690 61
13632 20840 6747 18147 16461 73 2466 3303 11989 19459 23263 20523 639 0 8529 9 2429 1372 10746 3155 30439 8835 20570 7629 1721 398 4118 6084 2268 16999 12478 3730 8383 405 29831 12251 13290 12295 24061 1047 8034 25191 378 2492 6615 11363 19952 883 14473 1610 12978 7161 2718 15183 8695 6363 1235 5117 1654 2496
2337 1302 671 2505 1612 4122 559 495 13403 523 8514 5386 4623 8529 0 12155 768 3646 631 3187 10309 17633 19140 13099 3200 5193 3217 13584 2344 3667 5297 5417 7030 371 3655 21685 9206 2533 2161 719 4418 2143 1716 2415 1765 23213 11986 528 5154 5368 1947 1991 9566 6176 4867 4758 12590 1534 2728 10287
5161 1661 1333 28819 8183 2981 7598 4969 21462 20526 2447 1997 13257 9 12155 0 4827 3232 11918 4444 2655 1813 11597 7929 450 5022 1991 5251 28 2024 13404 12300 3407 24612 10194 5289 2031 685 19131 8700 9442 2545 30168 4621 10799 23082 4560 685 6336 6833 28827 21028 5984 3058 4980 7406 5643 4690 375 14643
2349 1203 8411 12205 13502 4599 9316 11237 2928 1366 24988 7523 57 2429 768 4827 0 2309 5558 16911 19947 9129 14080 9 2608 2088 11463 20547 5277 4056 25896 2465 15653 5738 2517 11350 3632 1972 6143 568 5080 4602 7849 4524 11787 12629 114 2665 1927 444 7148 18827 3930 12082 8831 23290 3256 1448 74 8567
482 16139 4982 788 3928 13192 8978 15676 14063 3585 332 10678 3340 1372 3646 3232 2309 0 2648 8437 16338 70 6345 7403 4255 11560 10923 15905 13466 1910 10234 1970 182 3856 1167 4733 11383 4845 663 12100 5094 6885 13209 19981 9699 9407 1024 2175 25560 15452 603 5398 4694 270 1714 3462 399 3946 8669 20509
3001 22237 6881 2523 7953 19124 6146 13469 14611 6446 1270 9438 7978 10746 631 11918 5558 2648 0 399 7245 1262 1699 11244 12355 5765 13102 12027 216 32050 4301 5083 2910 14824 11415 1131 4184 20903 8164 10618 11630 12432 9677 132 1612 9321 1807 388 4970 10606 17227 2907 205 14642 11064 654 37 3171 5844 5242
3693 24848 203 7492 3586 11 11486 21197 692 1453 8655 7406 5876 3155 3187 4444 16911 8437 399 0 2232 15874 13697 9941 12341 288 2256 16727 8283 521 1162 1153 25135 2534 208 19724 25233 316 538 17065 28264 1630 1992 8631 166 563 6041 8741 13076 11521 19587 7239 3874 20474 3742 2900 24234 10680 6923 8168
25645 7048 3373 1416 3316 12722 439 2125 22270 3936 4985 958 1535 30439 10309 2655 19947 16338 7245 2232 0 234 7544 1380 4419 16349 7580 21448 127 23340 9770 2136 2622 5540 18250 8165 20050 8396 16331 9246 13139 4069 3467 17973 11957 27366 10843 19814 11471 2324 8111 17327 9053 2621 2633 1881 13310 1881 15090 21234
1810 2656 5694 403 3497 13818 2542 4092 1416 5392 4172 4521 13613 8835 17633 1813 9129 70 1262 15874 234 0 5449 27422 4484 3022 17519 15966 2794 678 4207 21797 6460 10182 1140 17438 11122 27944 17015 19323 1124 61 1670 854 22729 133 3830 5300 588 13303 13959 4362 14356 3816 2651 1807 5963 10280 3196 3476
25970 13175 1199 532 1922 1692 1453 27560 20576 2579 4749 9964 71 20570 19140 11597 14080 6345 1699 13697 7544 5449 0 3811 5371 1620 13156 6851 30497 7977 6944 10204 7599 2799 1365 21845 245 21433 2199 10730 8941 26099 1178 759 16145 13659 767 3968 2094 10098 17923 5417 1957 3733 10574 21884 2800 1354 30921 1991
3596 1309 10955 10167 9265 4451 15827 5919 2486 5885 641 433 6332 7629 13099 7929 9 7403 11244 9941 1380 27422 3811 0 19951 10342 275 9021 10198 2953 21382 9189 6204 817 10067 16666 3080 6649 7886 1123 10724 15292 6474 9527 4287 1920 322 4873 9803 14346 5635 23277 7802 4711 8853 5408 7448 19141 2066 1818
8514 5215 20323 6902 3596 6596 550 630 28603 6925 3092 22710 1814 1721 3200 450 2608 4255 12355 12341 4419 4484 5371 19951 0 1169 17974 993 1392 3337 1211 7992 24796 249 8987 3525 5618 13746 5352 2595 398 2116 16257 23873 3068 2546 2125 22839 13518 3200 6167 28166 26226 3496 15760 5819 3434 2671 7653 21098
2411 5722 188 5793 12746 11149 1122 562 130 12324 17554 13763 216 398 5193 5022 2088 11560 5765 288 16349 3022 1620 10342 1169 0 2716 926 189 3740 486 4157 6065 4330 7634 1840 1070 2976 13253 8243 4798 18593 13362 3666 6219 4993 608 4320 298 101 5838 6679 11271 2192 7665 14988 536 7038 7972 3628
19552 934 4010 5900 1868 4549 3528 7682 338 9175 11602 8188 6834 4118 3217 1991 11463 10923 13102 2256 7580 17519 13156 275 17974 2716 0 1690 10797 29647 7237 9264 879 6493 30012 11431 691 2845 4416 1508 6872 1008 2725 2094 30744 2 10922 4868 7901 4255 2961 362 14038 23289 4941 2796 6109 12135 3950 812
471 132 14932 6831 2815 1278 10350 6390 47 1778 1915 17264 1460 6084 13584 5251 20547 15905 12027 16727 21448 15966 6851 9021 993 926 1690 0 8852 9601 21033 250 8526 6533 10730 16825 4760 13 10202 5985 3762 21111 1088 10410 2556 13716 321 3777 16065 30713 4321 530 30241 19097 31248 1454 28536 4617 9624 4638
11830 10466 1314 8437 201 4561 841 27446 1376 3737 4232 3751 10141 2268 2344 28 5277 13466 216 8283 127 2794 30497 10198 1392 189 10797 8852 0 149 12547 1207 1406 8414 9715 1967 22167 6124 9774 12555 8080 1088 14086 1257 2845 37 1352 1771 8962 13437 13612 16876 19958 9020 8874 9852 5728 10597 4422 1531
1733 14740 1954 11299 773 3769 12312 14568 2152 5779 528 10594 4241 16999 3667 2024 4056 1910 32050 521 23340 678 7977 2953 3337 3740 29647 9601 149 0 695 1809 5525 10487 5848 28 7471 4394 9218 6866 1272 3637 6102 15503 2269 3547 1503 606 7475 13365 1018 83 152 7538 3108 690 1098 22174 2444 1851
756 26429 4189 2295 3080 139 1955 4361 284 3244 25679 732 8389 12478 5297 13404 25896 10234 4301 1162 9770 4207 6944 21382 1211 486 7237 21033 12547 695 0 3346 11211 16589 6013 4728 834 3889 9488 2806 19 12749 1102 19647 12406 4192 12561 1660 6550 314 10951 920 2625 1392 525 3611 10452 12264 5103 10747
83 13629 5680 6612 23990 6340 7768 3398 2720 1577 20199 9524 4562 3730 5417 12300 2465 1970 5083 1153 2136 21797 10204 9189 7992 4157 9264 250 1207 1809 3346 0 10889 7205 15406 12515 9653 2764 2110 1107 1549 19 9266 9425 3248 1580 5899 17016 2629 2803 243 4452 14684 594 52 10047 2102 1680 1465 14422
26758 9843 138 11957 1259 686 17683 6089 385 5175 1 11484 1746 8383 7030 3407 15653 182 2910 25135 2622 6460 7599 6204 24796 6065 879 8526 1406 5525 11211 10889 0 6413 11244 23791 16924 6708 6012 2263 1561 474 10463 10909 4654 3057 498 2139 8081 36 3476 813 6105 351 930 7750 13971 403 38 4756
2295 6093 2101 3988 2634 8148 3360 4604 16544 24696 10016 2539 11011 405 371 24612 5738 3856 14824 2534 5540 10182 2799 817 249 4330 6493 6533 8414 10487 16589 7205 6413 0 2466 9359 1604 15094 21866 15266 7987 1286 9806 673 13883 14966 13240 812 8324 626 21378 9111 13359 11978 2711 14890 1444 1080 2323 647
12108 12920 8607 2829 2649 9951 13245 8361 20012 14471 15098 426 38 29831 3655 10194 2517 1167 11415 208 18250 1140 1365 10067 8987 7634 30012 10730 9715 5848 6013 15406 11244 2466 0 5075 334 9740 14855 71 428 5987 5345 18886 14720 2677 3151 1955 3978 1381 3795 21252 2773 10855 11052 8445 2997 10789 4705 4447
6832 5136 2750 13361 1675 6644 1871 598 5433 16713 1730 2574 13345 12251 21685 5289 11350 4733 1131 19724 8165 17438 21845 16666 3525 1840 11431 16825 1967 28 4728 12515 23791 9359 5075 0 13503 229 5246 17803 24263 9316 13777 21828 3567 3812 13734 4402 4441 30393 1494 913 6480 17691 2120 1367 4511 2305 23206 13320
25812 7582 14812 880 2702 337 4248 4929 24401 16030 3892 6066 9850 13290 9206 2031 3632 11383 4184 25233 20050 11122 245 3080 5618 1070 691 4760 22167 7471 834 9653 16924 1604 334 13503 0 16791 10467 2534 6975 7694 5465 7639 17460 4904 9122 338 5119 328 8004 9341 28548 700 212 554 8444 4928 1749 157
6341 254 4663 3891 1086 13009 1375 296 952 5497 444 5754 18664 12295 2533 685 1972 4845 20903 316 8396 27944 21433 6649 13746 2976 2845 13 6124 4394 3889 2764 6708 15094 9740 229 16791 0 8782 1606 9783 1405 7901 45 15780 9949 11347 8358 25544 2177 1662 9029 21598 13727 7635 5180 5124 2959 15423 77
2565 1225 682 11554 3240 217 3954 2964 5805 4769 10485 850 13002 24061 2161 19131 6143 663 8164 538 16331 17015 2199 7886 5352 13253 4416 10202 9774 9218 9488 2110 6012 21866 14855 5246 10467 8782 0 1195 6091 7544 3075 5516 24724 9856 20760 1130 790 15778 324 5932 763 24335 12241 1186 3830 3929 15250 238
